"BCPM":             [pow(10, 34.385),  2.784,  2.920,  2.687],
"BKA20":            [pow(10, 34.599),  2.811,  2.451,  1.930],
"BSP":              [pow(10, 34.556),  3.204,  2.637,  2.218],
"BSR2":             [pow(10, 34.661),  3.310,  2.951,  2.271],
"BSR2Y":            [pow(10, 34.676),  3.378,  2.216,  1.892],
"BSR6":             [pow(10, 34.664),  3.028,  3.046,  2.224],
"BSR6Y":            [pow(10, 34.678),  3.075,  2.257,  1.915],
"BSk20":            [pow(10, 34.377),  3.141,  3.196,  3.042],
"BSk21":            [pow(10, 34.539),  3.456,  3.073,  2.657],
"BSk22":            [pow(10, 34.593),  3.147,  2.865,  2.668],
"BSk23":            [pow(10, 34.571),  3.285,  2.954,  2.659],
"BSk24":            [pow(10, 34.540),  3.457,  3.072,  2.656],
"BSk25":            [pow(10, 34.525),  3.747,  3.067,  2.417],
"BSk26":            [pow(10, 34.381),  3.141,  3.193,  3.040],
"DD2":              [pow(10, 34.638),  3.414,  3.097,  2.322],
"DD2Y":             [pow(10, 34.660),  3.523,  2.427,  2.004],
"DDHd":             [pow(10, 34.597),  3.573,  2.649,  2.346],
"DDME2":            [pow(10, 34.665),  3.639,  3.137,  2.259],
"DDME2Y":           [pow(10, 34.679),  3.723,  2.376,  2.081],
"FSU2":             [pow(10, 34.655),  2.675,  2.477,  1.830],
"FSUGarnet":        [pow(10, 34.624),  3.538,  2.556,  1.825],
"G3":               [pow(10, 34.516),  3.115,  2.735,  2.194],
"GM1":              [pow(10, 34.679),  2.937,  2.815,  2.438],
"GM1Y":             [pow(10, 34.702),  3.032,  2.716,  2.013],
"IOPB":             [pow(10, 34.640),  3.253,  2.664,  1.786],
"KDE0v1":           [pow(10, 34.366),  2.791,  2.897,  2.779],
"MPA1":             [pow(10, 34.477),  3.441,  3.580,  2.884],
"MS1b":             [pow(10, 34.845),  3.410,  3.030,  1.467],
"Model1":           [pow(10, 34.601),  3.247,  2.560,  1.830],
"NL3":              [pow(10, 34.847),  3.246,  3.098,  1.298],
"NL3Y":             [pow(10, 34.810),  3.092,  2.222,  2.214],
"NL3Yss":           [pow(10, 34.802),  3.062,  1.766,  2.051],
"NL3omegarho":      [pow(10, 34.821),  3.974,  3.127,  1.552],
"NL3omegarhoY":     [pow(10, 34.809),  3.922,  2.264,  2.166],
"NL3omegarhoYss":   [pow(10, 34.805),  3.913,  1.895,  2.106],
"Rs":               [pow(10, 34.555),  2.674,  2.670,  2.670],
"SINPA":            [pow(10, 34.593),  3.321,  2.563,  1.839],
"SK255":            [pow(10, 34.549),  2.623,  2.758,  2.703],
"SK272":            [pow(10, 34.574),  2.730,  2.848,  2.766],
"SKOp":             [pow(10, 34.451),  2.672,  2.712,  2.635],
"SKa":              [pow(10, 34.546),  2.810,  2.873,  2.783],
"SKb":              [pow(10, 34.507),  3.143,  2.909,  2.808],
"SLY2":             [pow(10, 34.392),  2.959,  2.984,  2.829],
"SLY230a":          [pow(10, 34.399),  3.150,  3.082,  2.789],
"SLY4":             [pow(10, 34.380),  2.979,  2.999,  2.849],
"SLY9":             [pow(10, 34.493),  2.992,  2.936,  2.750],
"SkI2":             [pow(10, 34.613),  2.658,  2.588,  2.649],
"SkI3":             [pow(10, 34.632),  2.824,  2.676,  2.697],
"SkI4":             [pow(10, 34.507),  3.111,  2.909,  2.734],
"SkI5":             [pow(10, 34.663),  2.587,  2.572,  2.718],
"SkI6":             [pow(10, 34.519),  3.107,  2.918,  2.734],
"SkMP":             [pow(10, 34.508),  2.782,  2.777,  2.729],
"TM1":              [pow(10, 34.701),  2.754,  2.472,  1.870]
