"ALF1":     [pow(10, 34.055), 2.013, 3.389, 2.033],
"ALF2":     [pow(10, 34.616), 4.070, 2.411, 1.890],
"ALF3":     [pow(10, 34.283), 2.883, 2.653, 1.952],
"ALF4":     [pow(10, 34.314), 3.009, 3.438, 1.803],
"AP1":      [pow(10, 33.943), 2.442, 3.256, 2.908],
"AP2":      [pow(10, 34.126), 2.643, 3.014, 2.945],
"AP3":      [pow(10, 34.392), 3.166, 3.573, 3.281],
"AP4":      [pow(10, 34.269), 2.830, 3.445, 3.348],
"BBB2":     [pow(10, 34.331), 3.418, 2.835, 2.832],
"BGN1H1":   [pow(10, 34.623), 3.258, 1.472, 2.464],
"BPAL12":   [pow(10, 34.358), 2.209, 2.201, 2.176],
"ENG":      [pow(10, 34.437), 3.514, 3.130, 3.168],
"FPS":      [pow(10, 34.283), 2.985, 2.863, 2.600],
"GNH3":     [pow(10, 34.648), 2.664, 2.194, 2.304],
"GS1":      [pow(10, 34.504), 2.350, 1.267, 2.421],
"GS2":      [pow(10, 34.642), 2.519, 1.571, 2.314],
"H1":       [pow(10, 34.564), 2.595, 1.845, 1.897],
"H2":       [pow(10, 34.617), 2.775, 1.855, 1.858],
"H3":       [pow(10, 34.646), 2.787, 1.951, 1.901],
"H4":       [pow(10, 34.669), 2.909, 2.246, 2.144],
"H5":       [pow(10, 34.609), 2.793, 1.974, 1.915],
"H6":       [pow(10, 34.593), 2.637, 2.121, 2.064],
"H7":       [pow(10, 34.559), 2.621, 2.048, 2.006],
"MPA1":     [pow(10, 34.495), 3.446, 3.572, 2.887],
"MS1":      [pow(10, 34.858), 3.224, 3.033, 1.325],
"MS1b":     [pow(10, 34.855), 3.456, 3.011, 1.425],
"MS2":      [pow(10, 34.605), 2.447, 2.184, 1.855],
"PAL6":     [pow(10, 34.380), 2.227, 2.189, 2.159],
"PCL2":     [pow(10, 34.507), 2.554, 1.880, 1.977],
"PS":       [pow(10, 34.671), 2.216, 1.640, 2.365],
"SLy":      [pow(10, 34.384), 3.005, 2.988, 2.851],
"WFF1":     [pow(10, 34.031), 2.519, 3.791, 3.660],
"WFF2":     [pow(10, 34.233), 2.888, 3.475, 3.517],
"WFF3":     [pow(10, 34.283), 3.329, 2.952, 2.589],
